0 32 
0 64
0 92
0 128
0 160
0 192
0 222
0 254
0 286
100 320
200 286
100 254
100 222
100 192
100 160
100 128
200 92
200 64
200 32
300 252
300 320
300 286
300 254
300 222
300 192
300 160
300 128
300 96
301 64
300 32
410 320
401 286
402 254
403 222
404 192
405 160
406 128
407 96
408 64
409 32
500 320
500 286
500 254
500 222
500 192
500 160
500 128
500 96
500 64
500 32
600 652
600 620
600 586
600 554
600 522
600 490
600 458
600 426
600 384
600 352
600 320
600 286
600 254
600 222
600 192
600 160
600 128
600 96
600 64
600 32
700 320
700 286
700 254
700 222
700 192
700 160
700 128
700 96
700 64
700 32
132 320
132 286
132 254
132 222
132 192
132 160
132 128
132 96
132 64
132 32
164 320
164 286
164 254
164 222
164 192
164 160
164 128
164 96
164 64
164 32